team@gmail1.com 150000.0 60000.0 90000.0 30000
team@gmail.com 150000.0 30000.0 120000 60000
team@gmail4.com 150000.0 40000.0 110000.0 10000
team@gmail.com 420000.0 70000.0 350000.0 58333.333333333336
team@gmail.com 420000.0 70000.0 350000.0 58333.333333333336
kokyzaki7@gmail.com 150000.0 30000.0 120000 60000
team@gmail2.com 240000.0 40000.0 200000.0 40000.0
team@gmail.com 0.0 0.0 0.0 0.0
team@gmail.com 0.0 0.0 0.0 0.0
team@gmail.com 0.0 0.0 0.0 0.0
team@gmail.com 0.0 0.0 0.0 0.0
team@gmail.com 240000.0 40000.0 200000.0 33333.333333333336
team@gmail5.com 180000.0 30000.0 150000.0 37500.0
team@gmail.com 240000.0 40000.0 200000.0 50000.0
team@gmail.com 240000.0 40000.0 200000.0 66666.66666666667
team@gmail.com 300000.0 50000.0 250000.0 50000.0
team@gmail.com 180000.0 30000.0 150000.0 75000.0
team@gmail.com 660000.0 110000.0 550000.0 91666.66666666667
team@gmail.com 180000.0 30000.0 150000.0 75000.0
team@gmail.com 240000.0 40000.0 200000.0 40000.0
team@gmail.com 600000.0 100000.0 500000.0 50000.0
team@gmail.com 240000.0 40000.0 200000.0 33333.333333333336
team@gmail.com 180000.0 30000.0 150000.0 37500.0
team@gmail.com 300000.0 50000.0 250000.0 3787.878787878788
team@gmail.com 240000.0 40000.0 200000.0 66666.66666666667
